LINESTRING(8.6924483 49.4073807,8.6924591 49.4074727,8.6924407 49.4077173,8.6924092 49.4079448,8.6923874 49.4081554,8.692416 49.4082329,8.6924318 49.4082638,8.6924272 49.4083697,8.6923618 49.4086965,8.6923522 49.408828,8.692352 49.4089147,8.6923582 49.408942,8.69236 49.408979,8.692366 49.4090158,8.6923675 49.409058,8.6923688 49.4090942,8.6923688 49.4091034,8.692369 49.4091528,8.6924366 49.4091929,8.6924707 49.4092511,8.6925799 49.4093627,8.6925972 49.409397,8.6926302 49.4094623,8.6926696 49.4095591,8.692659 49.4097495,8.692644 49.4097894,8.6925755 49.4099164,8.6923759 49.4102506,8.6923357 49.4103181,8.6920747 49.4107564,8.692043 49.4108173,8.6920223 49.4108477,8.6919626 49.4110039,8.6919554 49.4110603,8.6919618 49.4111002,8.6919873 49.4111424,8.6920218 49.4111761,8.692099 49.4112262,8.6922369 49.4113004,8.692305 49.4113358,8.6924239 49.4113858,8.6925238 49.4114339,8.6925448 49.411453)
LINESTRING(8.6924476 49.4090811,8.6924442 49.4090711,8.6924143 49.408983,8.6924096 49.4089568)
LINESTRING(8.6921178 49.4090154,8.6923533 49.4090556,8.6923675 49.409058,8.6924442 49.4090711,8.6925333 49.4090863,8.6925355 49.4090866,8.6927025 49.4091151)
LINESTRING(8.6925567 49.4092047,8.6923688 49.4091034,8.6923487 49.4090926,8.6921178 49.4090154)
LINESTRING(8.692658 49.4093154,8.6925927 49.4091843,8.6925505 49.4091221,8.6925383 49.4090932,8.6925355 49.4090866,8.6925018 49.4090064,8.692493 49.4089559,8.6925007 49.4087874)
LINESTRING(8.6927585 49.4115439,8.6927623 49.4114958,8.6927654 49.411456,8.6927685 49.4114109,8.6927647 49.4113646)
LINESTRING(8.6925665 49.4114728,8.6926556 49.4114846,8.692724 49.4114926,8.6927623 49.4114958,8.6928108 49.4114998,8.6928667 49.411507,8.6929794 49.41152)
LINESTRING(8.6932514 49.4114569,8.6935701 49.4115169)
LINESTRING(8.6935701 49.4115169,8.6945453 49.4116427)
LINESTRING(8.6931713 49.4114376,8.6930377 49.4114144,8.6928832 49.4113825)
LINESTRING(8.6932514 49.4114569,8.6931713 49.4114376)
LINESTRING(8.692769 49.4095519,8.6927269 49.4094276,8.692677 49.4093524,8.692658 49.4093154)
LINESTRING(8.6923612 49.4112935,8.6920949 49.411174,8.6920575 49.4111365,8.6920461 49.411125,8.6920321 49.4110759,8.6920269 49.4110047,8.6920441 49.4109374,8.6920802 49.4108513,8.6920922 49.4108274,8.6921207 49.4107658)
LINESTRING(8.6921207 49.4107658,8.6923929 49.4103331,8.6924385 49.4102605)
LINESTRING(8.6924385 49.4102605,8.6926433 49.4099266,8.6927144 49.4098108,8.6927289 49.4097587)
LINESTRING(8.6927289 49.4097587,8.692769 49.4095519)
LINESTRING(8.692658 49.4093154,8.6926015 49.4092473,8.6925567 49.4092047)
LINESTRING(8.6928656 49.4133677,8.6928642 49.4133982,8.6928711 49.4135149)
LINESTRING(8.6923543 49.4131605,8.692563 49.4131815,8.6928146 49.4132311,8.6928506 49.4132876,8.692867 49.4133354,8.6928656 49.4133677)
LINESTRING(8.6930051 49.4109721,8.6929318 49.4110102,8.6929011 49.4110688,8.6928798 49.4111133,8.6928599 49.4111627,8.6928477 49.4111911,8.6928254 49.4112218,8.692801 49.411243,8.6927762 49.4112568,8.6927453 49.4112706,8.6927204 49.4112784,8.6926957 49.411284,8.6926652 49.4112887,8.6926261 49.4112931,8.6925531 49.4112947,8.692473 49.411295,8.6923612 49.4112935,8.6922369 49.4113004,8.6917882 49.4112136)
LINESTRING(8.6925927 49.4091843,8.6926147 49.4091408,8.6927025 49.4091151)
LINESTRING(8.692658 49.4093154,8.6925927 49.4091843,8.6925505 49.4091221,8.6925383 49.4090932,8.6925018 49.4090064,8.692493 49.4089559,8.6925007 49.4087874)
LINESTRING(8.6954467 49.4135871,8.6954964 49.4135772,8.6955328 49.4135744,8.6956522 49.4135722,8.69568 49.4135705,8.695708 49.4135662,8.6957441 49.4135589,8.6957757 49.4135493,8.6958024 49.4135378,8.6958331 49.4135206)
LINESTRING(8.6983247 49.412229,8.6979925 49.4121185,8.697859 49.412081)
LINESTRING(8.6931713 49.4114376,8.6930377 49.4114144,8.6928832 49.4113825)
LINESTRING(8.6930663 49.4106435,8.692869 49.4108612,8.6926433 49.4111102)
LINESTRING(8.6939981 49.4098056,8.6940568 49.409358)
LINESTRING(8.6940568 49.409358,8.6941632 49.4087922)
LINESTRING(8.6940568 49.409358,8.6941632 49.4087922)
LINESTRING(8.6934511 49.4137913,8.6934122 49.4137343,8.6933724 49.4136939,8.6933135 49.4136562,8.6932847 49.4136425,8.6932098 49.4136069,8.6930983 49.4135709,8.6928711 49.4135149)
LINESTRING(8.6923984 49.4137913,8.6924292 49.4135391)
LINESTRING(8.6968219 49.4117414,8.6969097 49.4117502,8.6974031 49.4118071,8.6978094 49.4118486,8.6980295 49.411856,8.6983754 49.4118698,8.6983841 49.4119573)
LINESTRING(8.7020464 49.4102264,8.7011506 49.4100972,8.6999865 49.409881)
LINESTRING(8.6983247 49.412229,8.6988007 49.4122517)
LINESTRING(8.6920816 49.4091087,8.6921127 49.4090304,8.6921178 49.4090154,8.6921227 49.409001,8.6921351 49.4089648)
LINESTRING(8.6988007 49.4122517,8.6992375 49.4124014,8.6994276 49.4124441)
LINESTRING(8.6928832 49.4113825,8.6928667 49.411507,8.6928568 49.4115425)
LINESTRING(8.6924292 49.4135391,8.6924338 49.4135068)
LINESTRING(8.6926644 49.4090265,8.6928035 49.4091323)
LINESTRING(8.6830222 49.4124918,8.6835719 49.412537,8.6839843 49.4125705,8.6842612 49.412596,8.6843423 49.4126034,8.6845896 49.4126245,8.6850104 49.4126597,8.6854141 49.4126935,8.6858296 49.4127298,8.6863109 49.4127682,8.6864443 49.412782,8.686678 49.4128056,8.6867566 49.4128192,8.6881665 49.4131578,8.6885382 49.4132143,8.6888656 49.4132595,8.6894216 49.413287,8.6898698 49.413309,8.6902361 49.4133231,8.690372 49.4133273,8.6907282 49.41334,8.6909717 49.4133481,8.691248 49.4133521,8.6913327 49.4133509,8.6913967 49.4133478,8.6914682 49.4133422,8.6915174 49.4133396,8.691579 49.4133385,8.6919259 49.4133461,8.6923026 49.4133557,8.692554 49.4133651,8.6928656 49.4133677)
LINESTRING(8.69288 49.4135049,8.6927816 49.4134763,8.6926739 49.4134309,8.6926646 49.4134215,8.6926667 49.4134108,8.6926753 49.4134008,8.6926922 49.4133949,8.6929306 49.4134032,8.69288 49.4135049)
LINESTRING(8.6928656 49.4133677,8.6933126 49.4133808,8.6933539 49.4133817,8.6934986 49.4133844,8.6941625 49.4134123,8.6947242 49.4134419,8.6950714 49.4134613,8.6954095 49.41348,8.6955737 49.4134886,8.6956267 49.4134914,8.6956934 49.4134966,8.6957806 49.4135092,8.6958331 49.4135206)
LINESTRING(8.693122 49.4103431,8.6930733 49.4104643,8.6928449 49.4110349,8.6928297 49.4110759,8.6928173 49.4111135,8.6928141 49.411131,8.6928086 49.4111563)
LINESTRING(8.6915834 49.4132731,8.691579 49.4133385)
LINESTRING(8.6930526 49.4102643,8.6930471 49.4102474,8.6930386 49.4102328,8.6929542 49.4101512)
LINESTRING(8.6926081 49.4115987,8.6925947 49.4115228)
LINESTRING(8.6957284 49.4078346,8.6957966 49.4077192,8.6978259 49.4081301,8.699443 49.4084204,8.6995465 49.4084343)
LINESTRING(8.691522 49.4100996,8.6915274 49.4101294)
LINESTRING(8.6918196 49.409651,8.6920076 49.4096879)
LINESTRING(8.6981513 49.4121183,8.6985796 49.4122036,8.6988007 49.4122517)
LINESTRING(8.6961338 49.4135765,8.6962128 49.4135849,8.6963322 49.4135872,8.6966075 49.4135847,8.6979679 49.4135731,8.698122 49.4135746,8.6982593 49.4135787,8.6984495 49.4135931,8.6985572 49.413602,8.6988461 49.413634,8.6995293 49.4137146,8.6998922 49.4137772,8.7001551 49.4138361,8.7004823 49.4139042,8.7007825 49.4139678,8.7008778 49.413985,8.7009713 49.4139992,8.7013901 49.4140706,8.7014893 49.4140912,8.7017586 49.4141534,8.7021136 49.4142377,8.7026924 49.4143789,8.702868 49.4144168,8.7034511 49.4145138,8.7041167 49.4146312,8.7043418 49.4146636,8.7045286 49.4146837,8.7048317 49.4147258,8.7053052 49.4148121,8.705814 49.4149048,8.7060311 49.4149491,8.7063261 49.4150043,8.7065972 49.4150461,8.706782 49.4150643,8.7092132 49.4152464)
LINESTRING(8.6726725 49.4097258,8.6739247 49.4112833,8.6742283 49.4111762,8.6748022 49.4110512,8.6754734 49.4109499,8.676365 49.4108922,8.6779833 49.4109046,8.6795172 49.4110163,8.6840342 49.411531,8.6891462 49.4121945,8.6910807 49.4125053,8.6915278 49.4126045,8.6919926 49.4127246,8.692248 49.4127309,8.6925989 49.4127133,8.6932915 49.412633,8.6938816 49.4126059,8.6943733 49.4126305,8.6968024 49.4127912,8.7004236 49.4130856,8.7010056 49.4131201,8.7012794 49.4131063,8.7016373 49.4130634,8.7019027 49.4130368,8.7021651 49.4130025,8.7025798 49.413114,8.7034564 49.4133051,8.7046509 49.4134724,8.7071973 49.4138094,8.7077468 49.413838,8.7082134 49.4138201,8.7085826 49.4137667,8.70901 49.4136457)
LINESTRING(8.6945453 49.4116427,8.6967124 49.4119283,8.6972986 49.4120055,8.697859 49.412081)
LINESTRING(8.6913774 49.4131908,8.6916672 49.4132012,8.691779 49.4132069)
LINESTRING(8.6928043 49.4115502,8.6928108 49.4114998,8.6928139 49.411423,8.692813 49.411372,8.6928056 49.4112919,8.692801 49.411243,8.6928086 49.4111563)
LINESTRING(8.6924338 49.4135068,8.6924697 49.4132823)
LINESTRING(8.6973772 49.4122214,8.6980138 49.4122192,8.6983247 49.412229)
LINESTRING(8.6994276 49.4124441,8.6993343 49.4124344,8.6992153 49.4124234,8.6990023 49.4124036)
LINESTRING(8.6913774 49.4131908,8.6913734 49.4132665,8.6915834 49.4132731,8.6916843 49.4132763,8.691779 49.4132069)
LINESTRING(8.6927585 49.4115439,8.6927654 49.411456,8.6927685 49.4114109,8.6927647 49.4113646)
LINESTRING(8.6934689 49.4138487,8.6936326 49.4138274,8.6939085 49.4137838,8.6941707 49.4137498,8.6946559 49.4136816,8.6951168 49.4136128,8.6952171 49.4136012,8.6953193 49.4135927,8.6954467 49.4135871)
LINESTRING(8.6925665 49.4114728,8.6926556 49.4114846,8.692724 49.4114926,8.6928108 49.4114998,8.6928667 49.411507,8.6929794 49.41152)
LINESTRING(8.6927647 49.4113646,8.6926834 49.4113517,8.6924483 49.4113189)
LINESTRING(8.6927025 49.4091151,8.6928035 49.4091323)
LINESTRING(8.6926222 49.4114413,8.6926895 49.4114252,8.6926834 49.4113517,8.6926816 49.4113102,8.6926957 49.411284,8.6927015 49.4112606,8.6926975 49.411237,8.6926748 49.411148)
LINESTRING(8.6917882 49.4112136,8.6919854 49.4111928,8.6920218 49.4111761,8.6920575 49.4111365)
LINESTRING(8.6917882 49.4112136,8.6917145 49.4111978,8.6914905 49.4111422,8.6914694 49.4111284,8.6914463 49.4111088,8.691423 49.4110903,8.6914042 49.4110733,8.6913842 49.4110662)
LINESTRING(8.6927295 49.4111484,8.6927303 49.4111251,8.6927341 49.4110965,8.6927422 49.4110627,8.6927545 49.411027,8.692985 49.4104492,8.6930392 49.4103113,8.6930484 49.4102827,8.6930526 49.4102643)
LINESTRING(8.692813 49.411372,8.6927647 49.4113646)
LINESTRING(8.6921178 49.4090154,8.6927025 49.4091151)
LINESTRING(8.6926748 49.411148,8.6927295 49.4111484,8.6928086 49.4111563,8.6928599 49.4111627,8.6929207 49.4111709,8.6930227 49.4111859,8.69304 49.4112507,8.6930662 49.4112907)
LINESTRING(8.6929207 49.4111709,8.6929747 49.4112153,8.6929699 49.4112424,8.692972 49.4112669,8.6929995 49.4112965,8.6930478 49.4113316,8.6931061 49.4113874,8.6931713 49.4114376)
LINESTRING(8.6925567 49.4092047,8.6923487 49.4090926,8.6921178 49.4090154)
LINESTRING(8.6925007 49.4087874,8.6925586 49.4089284,8.6925806 49.4089627,8.6926644 49.4090265)
LINESTRING(8.6927593 49.4074481,8.6927654 49.4075352,8.6927568 49.4076354,8.6927397 49.407718,8.6926299 49.4082036,8.6925825 49.4083936,8.6925403 49.4085563,8.6925007 49.4087874)
LINESTRING(8.6927647 49.4113646,8.6927574 49.4113127,8.6927453 49.4112706,8.6927336 49.4112326,8.6927296 49.4111969,8.6927295 49.4111484)
LINESTRING(8.6990023 49.4124036,8.6983247 49.412229)
LINESTRING(8.6928035 49.4091323,8.6929406 49.409222,8.6930633 49.4093342,8.6931635 49.4094474,8.6932413 49.4095657,8.6933028 49.4097259,8.6933378 49.4098721,8.6933389 49.4099484)
LINESTRING(8.6926748 49.411148,8.6926865 49.4110849,8.6926688 49.411061,8.6926648 49.4110536,8.6926612 49.4110435,8.6926607 49.4110332,8.6926636 49.4110205,8.6927849 49.4107286,8.6928226 49.4106484,8.6928635 49.41058,8.6929124 49.4104922,8.6929594 49.4103976,8.6929909 49.4103222)
LINESTRING(8.6926816 49.4113102,8.6926652 49.4112887,8.6926417 49.4112604,8.6926231 49.4112318,8.6926195 49.4112165,8.6926221 49.4112021,8.6926266 49.4111918,8.6926372 49.4111796,8.6926748 49.411148)
LINESTRING(8.6954445 49.4088705,8.6958175 49.4078533)
LINESTRING(8.6933033 49.410211,8.6932138 49.4104356,8.6930051 49.4109721,8.6929207 49.4111709)
LINESTRING(8.6928568 49.4115425,8.692846 49.4116671)
LINESTRING(8.6726725 49.4097258,8.6739247 49.4112833,8.6742283 49.4111762,8.6748022 49.4110512,8.6754734 49.4109499,8.676365 49.4108922,8.6779833 49.4109046,8.6795172 49.4110163,8.6840342 49.411531,8.6891462 49.4121945,8.6910807 49.4125053,8.6915278 49.4126045,8.6919926 49.4127246,8.692248 49.4127309,8.6925989 49.4127133,8.6932915 49.412633,8.6938816 49.4126059,8.6943733 49.4126305,8.6968024 49.4127912,8.7004236 49.4130856,8.7010056 49.4131201,8.7012794 49.4131063,8.7016373 49.4130634,8.7019027 49.4130368,8.7021651 49.4130025,8.7025798 49.413114,8.7034564 49.4133051,8.7046509 49.4134724,8.7071973 49.4138094,8.7077468 49.413838,8.7082134 49.4138201,8.7085826 49.4137667,8.70901 49.4136457)
LINESTRING(8.6919742 49.4127899,8.6919926 49.4127246)
LINESTRING(8.7021763 49.4129273,8.7021742 49.4129413)
LINESTRING(8.6919695 49.4127814,8.6919856 49.4127238,8.6919926 49.4127246,8.6920001 49.4127255,8.691984 49.4127831,8.6919695 49.4127814)
LINESTRING(8.7021742 49.4129413,8.7021651 49.4130025)
LINESTRING(8.6905281 49.4126929,8.6907785 49.4129032,8.6908204 49.4129056,8.691104 49.4129215,8.6913044 49.412845,8.691515 49.4127349,8.6919742 49.4127899,8.6921167 49.4128072)
LINESTRING(8.7021673 49.4129409,8.7021582 49.4130021,8.7021651 49.4130025,8.7021726 49.413003,8.7021817 49.4129418,8.7021742 49.4129413,8.7021673 49.4129409)
LINESTRING(8.6961338 49.4135765,8.6961015 49.4135879,8.6960631 49.4135969,8.6960408 49.4135991,8.6960038 49.4135999,8.6956254 49.4136003,8.6955307 49.4135989,8.6954944 49.4135968,8.6954467 49.4135871)
LINESTRING(8.6929207 49.4111709,8.6929033 49.4112276,8.6928897 49.4113129,8.6928832 49.4113825)
LINESTRING(8.6932847 49.4136425,8.6932873 49.4136181,8.6933072 49.4134319,8.6933126 49.4133808)
LINESTRING(8.6728443 49.4079058,8.6738227 49.407907,8.6743489 49.4078942,8.6753898 49.4078931,8.6759731 49.4078977,8.6767063 49.4079029,8.6772468 49.4079006,8.6780789 49.4078873,8.6790037 49.4078768,8.6805977 49.4078548,8.681112 49.40785,8.6830609 49.4078217,8.6836596 49.4078101,8.684325 49.4077979,8.6843533 49.4077973,8.6844383 49.407799,8.6846514 49.4078159,8.6849529 49.4078548,8.6853994 49.4079301,8.6878624 49.4083365,8.688135 49.4083773,8.6885123 49.4084393,8.6921178 49.4090154)
LINESTRING(8.6990023 49.4124036,8.6986123 49.4123604,8.6980806 49.4123029,8.6973772 49.4122214)
LINESTRING(8.697859 49.412081,8.698009 49.4121024)
LINESTRING(8.6923543 49.4131605,8.692563 49.4131815,8.6928146 49.4132311,8.6928506 49.4132876,8.692867 49.4133354,8.6928656 49.4133677,8.6928642 49.4133982,8.6928711 49.4135149)
LINESTRING(8.6928832 49.4113825,8.692813 49.411372)
LINESTRING(8.6994276 49.4124441,8.7006966 49.412599,8.7013269 49.4126759,8.702017 49.4127754,8.7025761 49.4128671,8.702974 49.4129287,8.7035905 49.4130182,8.704841 49.4131904,8.7053909 49.4132714)
LINESTRING(8.6911974 49.4112361,8.6914048 49.4112968,8.6917932 49.4114061,8.6922337 49.4115183,8.6924874 49.4115631,8.692989 49.4116264,8.6933482 49.4116703,8.6939835 49.4117535,8.6958558 49.412003,8.6971234 49.4121939,8.6973772 49.4122214)
LINESTRING(8.6933552 49.4101078,8.6932973 49.4101533,8.6932577 49.4101992,8.6932171 49.4102644,8.6931746 49.4103751,8.6931245 49.4105109,8.6930663 49.4106435)
LINESTRING(8.6924385 49.4102605,8.6923759 49.4102506,8.6917364 49.4101338)
LINESTRING(8.6919873 49.4090963,8.6918927 49.40936,8.6918196 49.409651,8.6917364 49.4101338)
LINESTRING(8.6933389 49.4099484,8.6933902 49.4100238)
LINESTRING(8.6933389 49.4099484,8.6933063 49.4100289,8.693248 49.4101385,8.6931899 49.4101731)
LINESTRING(8.6969763 49.4089992,8.6968743 49.4092984,8.6965977 49.4092764,8.6963377 49.4092539,8.6964407 49.4089649)
LINESTRING(8.6905748 49.4111246,8.6912222 49.4113112,8.6917336 49.4114521,8.6917932 49.4114061)
LINESTRING(8.6983247 49.412229,8.6979925 49.4121185,8.697859 49.412081)
LINESTRING(8.6956665 49.4132085,8.6956845 49.4131592)
LINESTRING(8.6927647 49.4113646,8.6926834 49.4113517,8.6924483 49.4113189)
LINESTRING(8.692813 49.411372,8.6927647 49.4113646)
LINESTRING(8.7018214 49.4088897,8.7017749 49.4094193)
LINESTRING(8.6929794 49.41152,8.6929615 49.411538)
LINESTRING(8.6928146 49.4132311,8.6930415 49.412934)
LINESTRING(8.6956431 49.413332,8.6956577 49.4132369,8.6956665 49.4132085)
LINESTRING(8.6921542 49.4134845,8.6921516 49.4133606,8.6921709 49.4132416)
LINESTRING(8.6984123 49.4083539,8.6984671 49.4083764,8.6984625 49.4083885,8.6984269 49.408483)
LINESTRING(8.6987536 49.4085433,8.6987869 49.40845,8.6987943 49.4084471,8.6988517 49.4084265)
LINESTRING(8.6983841 49.4119573,8.699352 49.4120147,8.6994802 49.4120325)
LINESTRING(8.6945453 49.4116427,8.6967124 49.4119283,8.6972986 49.4120055,8.697859 49.412081,8.698009 49.4121024)
LINESTRING(8.7037386 49.4127539,8.7039113 49.4127701)
LINESTRING(8.6975512 49.4112046,8.697553 49.4111752,8.6977118 49.4111741,8.6977155 49.4110327,8.6979823 49.4110834,8.6980807 49.4110974,8.6983946 49.4111473,8.6985167 49.4111957,8.6985077 49.4115979,8.6984517 49.4116367,8.6983561 49.4116602,8.698163 49.4115886,8.6979951 49.4116367,8.6977515 49.4116348,8.6975313 49.4116332,8.6975313 49.411477,8.6977551 49.4114782,8.6977515 49.4116348)
LINESTRING(8.6979823 49.4110834,8.6979598 49.4111812,8.6979944 49.4112128,8.6980552 49.4112012,8.6980807 49.4110974)
LINESTRING(8.6983754 49.4098879,8.6983781 49.409961)
LINESTRING(8.6986467 49.4091628,8.698595 49.4092903,8.6985147 49.4093478,8.6983647 49.4093809)
LINESTRING(8.6928654 49.413371,8.6933539 49.4133817,8.6934986 49.4133844,8.6941625 49.4134123,8.6947242 49.4134419,8.6950714 49.4134613,8.6954095 49.41348,8.6955737 49.4134886,8.6956267 49.4134914,8.6956934 49.4134966,8.6957806 49.4135092,8.6958331 49.4135206)
LINESTRING(8.6931085 49.4112012,8.6930662 49.4112907)
LINESTRING(8.6924476 49.4090811,8.6924143 49.408983,8.6924096 49.4089568)
LINESTRING(8.6924096 49.4089568,8.6924664 49.4089567,8.692493 49.4089559,8.692524 49.408967,8.6926644 49.4090265)
LINESTRING(8.6920816 49.4091087,8.6921127 49.4090304,8.6921227 49.409001,8.6921351 49.4089648)
LINESTRING(8.6927593 49.4074481,8.6927654 49.4075352,8.6927568 49.4076354,8.6927397 49.407718,8.6926299 49.4082036,8.6925825 49.4083936,8.6925403 49.4085563,8.6925007 49.4087874,8.6925586 49.4089284,8.6925806 49.4089627)
LINESTRING(8.6924441 49.4085349,8.6924878 49.4085445,8.6925403 49.4085563)
LINESTRING(8.6924483 49.4073807,8.6924591 49.4074727,8.6924407 49.4077173,8.6924092 49.4079448,8.6923874 49.4081554,8.692416 49.4082329,8.6924318 49.4082638,8.6924272 49.4083697,8.6923618 49.4086965,8.6923522 49.408828,8.692352 49.4089147,8.6923582 49.408942,8.69236 49.408979,8.692366 49.4090158,8.6923688 49.4090942,8.692369 49.4091528,8.6924366 49.4091929,8.6924707 49.4092511,8.6925799 49.4093627,8.6925972 49.409397,8.6926302 49.4094623,8.6926696 49.4095591,8.692659 49.4097495,8.692644 49.4097894,8.6925755 49.4099164,8.6923759 49.4102506,8.6923357 49.4103181,8.6920747 49.4107564,8.692043 49.4108173,8.6920223 49.4108477,8.6919626 49.4110039,8.6919554 49.4110603,8.6919618 49.4111002,8.6919873 49.4111424,8.6920218 49.4111761,8.692099 49.4112262,8.6922369 49.4113004,8.692305 49.4113358,8.6924239 49.4113858,8.6925238 49.4114339,8.6925448 49.411453)
LINESTRING(8.6938108 49.4087828,8.6935646 49.4096048,8.6933902 49.4100238,8.6933552 49.4101078,8.6933033 49.410211,8.6930102 49.4103247,8.6929909 49.4103222,8.6925501 49.4102536,8.6925074 49.4102499,8.6926393 49.4100354,8.6927904 49.4097714,8.692855 49.4096138,8.6928542 49.4095195,8.6928173 49.4094186,8.6927454 49.4093321,8.692734 49.4093206,8.6926527 49.4092387,8.692634 49.4090316,8.6926182 49.4089784,8.6926398 49.4085981,8.6928495 49.4086166,8.69364 49.408753,8.6938108 49.4087828)
LINESTRING(8.6925665 49.4114728,8.6926556 49.4114846,8.692724 49.4114926,8.6928159 49.4115015,8.6928865 49.4115078,8.6929794 49.41152)
LINESTRING(8.6921875 49.4135867,8.6921542 49.4134845)
LINESTRING(8.6921919 49.4134859,8.692665 49.41165)
LINESTRING(8.6930171 49.4109817,8.6929147 49.4110889,8.6928798 49.4111632,8.692861 49.4111913,8.6928426 49.4112172,8.6928164 49.4112459,8.6927922 49.4112601,8.6927628 49.4112725,8.692723 49.4112809,8.6926957 49.411284,8.6926624 49.4112863,8.6926067 49.4112877,8.6924721 49.4112884,8.6923612 49.4112935,8.6922369 49.4113004,8.6917882 49.4112136)
LINESTRING(8.6922091 49.4137832,8.6921977 49.4136606,8.6921875 49.4135867)
LINESTRING(8.6926854 49.4111908,8.6927338 49.4111907,8.6928135 49.4111913,8.692861 49.4111913,8.6929507 49.4111901,8.6930186 49.4111884,8.69304 49.4112507,8.6930662 49.4112907)
LINESTRING(8.6923476 49.4135066,8.6922506 49.4136862,8.6922091 49.4137832)
LINESTRING(8.6927585 49.4115439,8.6927743 49.411456,8.6927816 49.4113655,8.692775 49.4113141,8.6927628 49.4112725,8.6927475 49.4112345,8.6927338 49.4111907)
LINESTRING(8.6931899 49.4101731,8.693154 49.4102596,8.6931421 49.4102946,8.6931376 49.4103054,8.693122 49.4103431)
LINESTRING(8.6928043 49.4115502,8.6928249 49.4116202,8.692846 49.4116671)
LINESTRING(8.692665 49.41165,8.6927156 49.4116116,8.6927585 49.4115439)
LINESTRING(8.6928043 49.4115502,8.6928159 49.4115015,8.6928269 49.4113715,8.692821 49.4112931,8.6928164 49.4112459,8.6928135 49.4111913)
LINESTRING(8.6936213 49.4096353,8.6935426 49.4098497,8.693406 49.4102451,8.6931085 49.4112012)
LINESTRING(8.6936213 49.4096353,8.6937026 49.4096777,8.6939981 49.4098056,8.6944004 49.4099674,8.6947524 49.4100438,8.695131 49.4101001,8.6957397 49.4101444,8.6962948 49.4102307,8.6974915 49.4104311,8.6976199 49.4104481,8.6986828 49.4106214,8.6996756 49.4108142,8.7006948 49.4109588,8.7013008 49.4110451,8.7017977 49.4111228,8.7022627 49.411187,8.7025458 49.4112439,8.7038289 49.4114091,8.7039721 49.4114116)
LINESTRING(8.6939341 49.4087745,8.6936213 49.4096353)
LINESTRING(8.6941625 49.4134123,8.6941844 49.4133587,8.6942003 49.4133403,8.6942189 49.4133276,8.6942366 49.4133192,8.6942571 49.4133121,8.6942853 49.4133048,8.6943198 49.4132977,8.6943527 49.4132932,8.6943824 49.4132909,8.6944204 49.4132895,8.6948837 49.4133043,8.6953581 49.413318)
LINESTRING(8.7014651 49.4123046,8.701541 49.4123236,8.7019923 49.4124134,8.7021257 49.4124447,8.7026726 49.4125517)
LINESTRING(8.69676 49.4117391,8.6967638 49.4116263)
LINESTRING(8.6974031 49.4118071,8.6974165 49.4111424)
LINESTRING(8.6939981 49.4098056,8.6940568 49.409358)
LINESTRING(8.6984321 49.4082958,8.6984123 49.4083539,8.6984046 49.4083766,8.6981475 49.4090778)
LINESTRING(8.6986467 49.4091628,8.6988412 49.4084596,8.6988517 49.4084265,8.6988654 49.4083724)
LINESTRING(8.6983754 49.4118698,8.6984726 49.4117852,8.6987617 49.4117281,8.6990083 49.4117026,8.6992402 49.4116703,8.6994252 49.4116078,8.6995192 49.4114746,8.6995662 49.4113017,8.6996122 49.4111103,8.6996671 49.4108539,8.6996756 49.4108142)
LINESTRING(8.6967124 49.4119283,8.6967195 49.4118338,8.69676 49.4117391,8.6968219 49.4117414)
LINESTRING(8.6981513 49.4121183,8.6983841 49.4119573)
LINESTRING(8.6994802 49.4120325,8.700094 49.4120935,8.7002876 49.4121093,8.7009205 49.4122035,8.7014651 49.4123046)
LINESTRING(8.7013269 49.4126759,8.7014651 49.4123046)
LINESTRING(8.7022627 49.411187,8.7021257 49.4124447,8.702017 49.4127754)
LINESTRING(8.7009205 49.4122035,8.7013008 49.4110451)
LINESTRING(8.7002876 49.4121093,8.7003908 49.4118324,8.7005019 49.4115454,8.7006948 49.4109588)
LINESTRING(8.700094 49.4120935,8.7000106 49.4121115,8.6999348 49.4121172,8.699885 49.4121123)
LINESTRING(8.699885 49.4121123,8.6998654 49.4121002,8.6998778 49.4120123)
LINESTRING(8.7025458 49.4112439,8.7028794 49.4103617)
LINESTRING(8.7028794 49.4103617,8.7020464 49.4102264)
LINESTRING(8.7017977 49.4111228,8.7020464 49.4102264)
LINESTRING(8.7035905 49.4130182,8.7036134 49.4129147)
LINESTRING(8.6999865 49.409881,8.6998101 49.4103321,8.6996756 49.4108142)
LINESTRING(8.7036134 49.4129147,8.7036727 49.4129686,8.7049921 49.4131371,8.7051664 49.4131792,8.7054035 49.413176)
LINESTRING(8.6933539 49.4133817,8.6934186 49.4129422)
LINESTRING(8.6942853 49.4133048,8.6945115 49.4130919)
LINESTRING(8.6961338 49.4135765,8.6961643 49.4135232,8.6961698 49.4135193,8.6961791 49.4135166,8.6961932 49.4135145,8.6962102 49.4135125,8.6963503 49.4135044,8.6965173 49.4134975,8.6965962 49.4134926,8.6966468 49.4134852,8.6966746 49.4134795,8.6966932 49.4134729,8.6967109 49.4134641,8.6967178 49.4134555,8.6967288 49.4134306,8.6967392 49.4133931)
LINESTRING(8.6976199 49.4104481,8.6979329 49.4096533,8.6981475 49.4090778)
LINESTRING(8.695131 49.4101001,8.695626 49.4088803)
LINESTRING(8.6999865 49.409881,8.7001884 49.4093695)
LINESTRING(8.7028794 49.4103617,8.7031451 49.4094699)
LINESTRING(8.6939341 49.4087745,8.6940482 49.4087857,8.6941632 49.4087922,8.6948063 49.4088296,8.6954445 49.4088705)
LINESTRING(8.6940568 49.409358,8.6941632 49.4087922)
LINESTRING(8.7031451 49.4094699,8.7033612 49.4094726,8.7036083 49.4094777,8.7040503 49.4094925,8.7042094 49.4094994)
LINESTRING(8.6986467 49.4091628,8.6989346 49.4092104,8.6991356 49.4092409,8.6993402 49.4092697,8.6995635 49.4092992,8.6998123 49.4093289,8.7000585 49.4093527,8.7001884 49.4093695)
LINESTRING(8.6954445 49.4088705,8.6958175 49.4078533)
LINESTRING(8.702685 49.4089491,8.7026752 49.4089014,8.7026393 49.4088319)
LINESTRING(8.7025211 49.4086199,8.7025695 49.408654,8.7025999 49.4086823,8.7026193 49.4087073,8.7026346 49.4087308,8.7026453 49.4087626,8.7026471 49.4088012,8.7026393 49.4088319,8.7026264 49.4088537,8.7025776 49.4089032)
LINESTRING(8.7018214 49.4088897,8.7017021 49.4088409,8.7016469 49.4088289,8.7015977 49.4088138,8.7015549 49.4087952,8.701517 49.4087621,8.7015019 49.4087391,8.701491 49.4087023,8.7014928 49.4086623,8.7014986 49.4085972,8.7015104 49.40856,8.7015299 49.4085309,8.7015497 49.4085134,8.7015973 49.4084886)
LINESTRING(8.7029078 49.4086731,8.7029325 49.4087016,8.7029574 49.4087373,8.7029722 49.4087723,8.702978 49.4088009,8.7029811 49.4088619,8.7029814 49.408898)
LINESTRING(8.7017749 49.4094193,8.7019032 49.4094242,8.7024319 49.4094427,8.7029351 49.4094628,8.7031451 49.4094699)
LINESTRING(8.7001884 49.4093695,8.7002742 49.4093766,8.7009791 49.4093986,8.7017749 49.4094193)
LINESTRING(8.6965968 49.4089175,8.6969965 49.4089373,8.6970992 49.4089445,8.6972032 49.4089538)
LINESTRING(8.6981475 49.4090778,8.6986467 49.4091628)
LINESTRING(8.695626 49.4088803,8.6959995 49.4088971,8.6961981 49.4089064,8.6962989 49.4089104,8.696457 49.4089129,8.6965968 49.4089175)
LINESTRING(8.6954445 49.4088705,8.695626 49.4088803)
LINESTRING(8.6972032 49.4089538,8.6972158 49.408955,8.6973526 49.4089674,8.6974624 49.4089793,8.6975579 49.4089899,8.6976602 49.4090035,8.6978793 49.4090342,8.6980606 49.4090635,8.6981475 49.4090778)
LINESTRING(8.6964407 49.4089649,8.6964464 49.4089453,8.696457 49.4089129)
LINESTRING(8.6962989 49.4089104,8.6963397 49.4089236,8.6964002 49.4089389,8.6964464 49.4089453,8.6964621 49.4089475,8.6965238 49.4089507,8.6969624 49.4089747,8.6969778 49.4089824,8.6969763 49.4089992)
LINESTRING(8.7025211 49.4086199,8.7026335 49.4086354,8.7029078 49.4086731,8.7036294 49.4087741,8.7038024 49.4087958,8.7039829 49.4088158,8.7042899 49.4088433,8.7045803 49.4088655,8.7046714 49.4088731)
LINESTRING(8.6994053 49.407945,8.6997059 49.4080448,8.6999271 49.4081208,8.7001133 49.4081842,8.7002334 49.4082237,8.7003276 49.4082501,8.7005792 49.4083144,8.7007477 49.4083525,8.7009435 49.408391,8.701106 49.4084182,8.7012529 49.4084405,8.7015973 49.4084886,8.7025211 49.4086199)
LINESTRING(8.7058046 49.4090416,8.7056 49.4090256,8.7054885 49.4090155,8.7050082 49.4089835,8.7049686 49.4089809,8.7046496 49.4089639,8.7035989 49.4089012,8.7034099 49.4088968,8.7032189 49.4088966,8.7029814 49.408898,8.7026752 49.4089014,8.7025776 49.4089032,8.702284 49.4089047,8.7020369 49.4089024,8.7018214 49.4088897,8.7014631 49.4088383,8.7010996 49.4087759,8.7004521 49.4086668)
LINESTRING(8.7036294 49.4087741,8.7036192 49.408807)
LINESTRING(8.7036126 49.4088293,8.7036192 49.408807)
LINESTRING(8.6934511 49.4137913,8.6934122 49.4137343,8.6933724 49.4136939,8.6933135 49.4136562,8.6932098 49.4136069,8.6930983 49.4135709,8.6928711 49.4135149)
LINESTRING(8.6923543 49.4131605,8.692563 49.4131815,8.6928146 49.4132311,8.6928506 49.4132876,8.6928654 49.413371,8.6928711 49.4135149)
LINESTRING(8.6939981 49.4098056,8.6939501 49.4098742,8.6938296 49.4100733,8.693732 49.4101525,8.693406 49.4102451)
LINESTRING(8.6911974 49.4112361,8.6914048 49.4112968,8.6917932 49.4114061,8.6922337 49.4115183,8.6924874 49.4115631,8.692989 49.4116264,8.6933482 49.4116703,8.6939835 49.4117535,8.6958558 49.412003,8.6971234 49.4121939,8.6973772 49.4122214)
LINESTRING(8.6928269 49.4113715,8.6927816 49.4113655,8.6926834 49.4113517,8.6924483 49.4113189)
LINESTRING(8.6926854 49.4111908,8.6926748 49.411148,8.6926865 49.4110849,8.6926688 49.411061,8.6926648 49.4110536,8.6926612 49.4110435,8.6926607 49.4110332,8.6926636 49.4110205,8.6927849 49.4107286,8.6928226 49.4106484,8.6928635 49.41058,8.6929124 49.4104922,8.6929594 49.4103976,8.6929909 49.4103222)
LINESTRING(8.6926865 49.4110849,8.6926472 49.411074,8.6926327 49.4110712,8.6926172 49.4110718,8.6926044 49.4110742,8.6925752 49.4110805,8.692551 49.4110828,8.6925228 49.4110825,8.6924839 49.4110786,8.6924447 49.4110711,8.692413 49.4110604,8.6923776 49.4110455,8.6923521 49.4110309,8.6923337 49.411016,8.6922603 49.4109486,8.6922309 49.4109157,8.6922062 49.4108801,8.6921994 49.4108569,8.6922016 49.410833,8.6922114 49.4108062,8.6925031 49.4103419)
LINESTRING(8.6926816 49.4113102,8.6926624 49.4112863,8.6926417 49.4112604,8.6926231 49.4112318,8.6926195 49.4112165,8.6926221 49.4112021,8.6926266 49.4111918,8.6926372 49.4111796,8.6926748 49.411148)
LINESTRING(8.6930372 49.4102534,8.6930232 49.4102205,8.6929542 49.4101512)
LINESTRING(8.693122 49.4103431,8.6930733 49.4104643,8.6928467 49.4110384,8.6928333 49.4110794,8.6928236 49.4111147,8.6928182 49.4111456,8.6928135 49.4111913)
LINESTRING(8.6925806 49.4089627,8.6926644 49.4090265,8.6928035 49.4091323,8.6929406 49.409222,8.6930633 49.4093342,8.6931635 49.4094474,8.6932413 49.4095657,8.6933028 49.4097259,8.6933378 49.4098721,8.6933389 49.4099484)
LINESTRING(8.6925567 49.4092047,8.6924609 49.4091762,8.692369 49.4091528,8.6922519 49.4091289,8.6920816 49.4091087,8.6919873 49.4090963,8.6914036 49.4089829,8.6899708 49.4087434,8.688477 49.408517,8.6881123 49.4084225,8.6878465 49.408372,8.6859922 49.4080636,8.6856356 49.4080198,8.6855076 49.408005,8.6853711 49.4079848,8.6850233 49.4079355,8.6847542 49.4078931,8.6844601 49.407864,8.6843387 49.4078592)
LINESTRING(8.6926428 49.4114655,8.6926222 49.4114413,8.692561 49.4113845,8.6924483 49.4113189,8.6923612 49.4112935)
LINESTRING(8.6946976 49.4106234,8.6946957 49.4107099)
LINESTRING(8.6947524 49.4100438,8.6947228 49.4103352,8.6946976 49.4106234)
LINESTRING(8.6943223 49.4075927,8.6942149 49.4079105,8.6941128 49.4081577,8.6940696 49.4082639,8.6938607 49.4087682)
LINESTRING(8.6926733 49.4115266,8.6926556 49.4114846,8.6926428 49.4114655)
LINESTRING(8.6928968 49.4113817,8.6928865 49.4115078,8.6928794 49.4115437)
LINESTRING(8.6928968 49.4113817,8.6928269 49.4113715)
LINESTRING(8.6935646 49.4096048,8.6935834 49.409614,8.6936213 49.4096353)
LINESTRING(8.6933033 49.410211,8.6932138 49.4104356,8.6930171 49.4109817,8.6929507 49.4111901)
LINESTRING(8.6914036 49.4089829,8.6913008 49.4093304,8.6911556 49.4100386,8.691522 49.4100996)
LINESTRING(8.6938607 49.4087682,8.6935646 49.4096048)
LINESTRING(8.6939341 49.4087745,8.693905 49.4088334,8.6935834 49.409614,8.6933543 49.4102636,8.6930896 49.4111315,8.6931085 49.4112012)
LINESTRING(8.6924385 49.4102605,8.6926433 49.4099266,8.6927144 49.4098108,8.6927289 49.4097587,8.692769 49.4095519)
LINESTRING(8.6925947 49.4115228,8.6925665 49.4114728)
LINESTRING(8.6928794 49.4115437,8.692846 49.4116671)
LINESTRING(8.6929313 49.4116446,8.6929615 49.411538)
LINESTRING(8.6979944 49.4112128,8.6979807 49.4112901)
LINESTRING(8.6974182 49.4109693,8.6974872 49.41098,8.6975559 49.4109903,8.6977155 49.4110327)
LINESTRING(8.7001884 49.4093695,8.7004521 49.4086668)
LINESTRING(8.7026726 49.4125517,8.7029302 49.4126065,8.7031892 49.4126632,8.7035578 49.4127212,8.7036512 49.4127359)
LINESTRING(8.6946957 49.4107099,8.6946839 49.4108281)
LINESTRING(8.6946839 49.4108281,8.6946648 49.4109091,8.6946463 49.4110351,8.6945761 49.411483,8.6945453 49.4116427)
LINESTRING(8.6930662 49.4112907,8.6930478 49.4113316,8.6930377 49.4114144,8.6929794 49.41152)
LINESTRING(8.6944239 49.4076093,8.6942933 49.4079221,8.6939618 49.4087149,8.6939341 49.4087745)
LINESTRING(8.7036512 49.4127359,8.703633 49.4125143,8.7036268 49.41233,8.703628 49.4120704,8.7037444 49.4117449,8.7038302 49.4115663,8.7039721 49.4114116)
LINESTRING(8.7079269 49.4135646,8.7073012 49.4135555,8.7067893 49.4135188,8.7062696 49.4134492,8.7049917 49.4132568,8.7028992 49.4129547,8.702243 49.4128514,8.7019295 49.4128072,8.7012498 49.4127069,8.7010959 49.4126863,8.7007443 49.4126594,8.7004877 49.4126193,8.6997818 49.4125353,8.699623 49.4125246,8.6993306 49.4124706,8.6990887 49.412449,8.6983083 49.4123887,8.6982033 49.4123795,8.6981369 49.4123723,8.6976113 49.4123127,8.6966839 49.4121767,8.6947841 49.4119021,8.6932903 49.4116995,8.6926298 49.4116274,8.6924233 49.4116019,8.6921408 49.4115501,8.6918973 49.4114964,8.6917336 49.4114521)
LINESTRING(8.702974 49.4129287,8.7028992 49.4129547,8.7025973 49.4129614,8.7021763 49.4129273,8.7019545 49.4129094,8.7006821 49.4127195,8.6993868 49.4125577,8.698963 49.4124914)
LINESTRING(8.6993868 49.4125577,8.6993306 49.4124706,8.6993343 49.4124344)
LINESTRING(8.6923612 49.4112935,8.6920949 49.411174,8.6920575 49.4111365,8.6920461 49.411125,8.6920321 49.4110759,8.6920269 49.4110047,8.6920441 49.4109374,8.6920802 49.4108513,8.6920922 49.4108274,8.6921207 49.4107658,8.6923929 49.4103331,8.6924385 49.4102605)
LINESTRING(8.698009 49.4121024,8.6980422 49.4121064)
LINESTRING(8.7036512 49.4127359,8.7036505 49.4127436,8.7036134 49.4129147)
LINESTRING(8.6962948 49.4102307,8.6962098 49.4104859)
LINESTRING(8.6957397 49.4101444,8.6956392 49.410423)
LINESTRING(8.6994802 49.4120325,8.6993056 49.4121368,8.6992375 49.4124014,8.6992153 49.4124234)
LINESTRING(8.7036505 49.4127436,8.7037386 49.4127539)
LINESTRING(8.6924089 49.4135911,8.6924075 49.4135106)
LINESTRING(8.691779 49.4132069,8.6921796 49.413208)
LINESTRING(8.692479 49.4132487,8.6927153 49.4132704)
LINESTRING(8.6990023 49.4124036,8.6986123 49.4123604,8.6980806 49.4123029,8.6973772 49.4122214)
LINESTRING(8.6983247 49.412229,8.6988007 49.4122517)
LINESTRING(8.6995921 49.4085161,8.6995465 49.4084343,8.6995367 49.4084168,8.6995941 49.4083413,8.6996599 49.4083269,8.7011543 49.4085702,8.701211 49.408599,8.7012219 49.4086369,8.7012092 49.408686,8.7011559 49.4087358,8.7010996 49.4087759)
LINESTRING(8.6928506 49.4132876,8.6927153 49.4132704)
LINESTRING(8.6923543 49.4131605,8.6921209 49.4131366,8.6919437 49.4131362,8.6918668 49.4131474,8.691779 49.4132069)
LINESTRING(8.6928177 49.413469,8.6926163 49.4134072,8.6925909 49.4133833,8.6925938 49.4133698,8.6928654 49.413371,8.6928177 49.413469)
LINESTRING(8.6929507 49.4111901,8.6929738 49.4112206,8.6929874 49.4112569,8.6930094 49.4112877,8.6930478 49.4113316,8.6931061 49.4113874,8.6931713 49.4114376)
LINESTRING(8.6988007 49.4122517,8.6992375 49.4124014,8.6994276 49.4124441)
LINESTRING(8.6990023 49.4124036,8.6983247 49.412229)
LINESTRING(8.6929507 49.4111901,8.6928968 49.4113817)
LINESTRING(8.692769 49.4095519,8.6927269 49.4094276,8.692677 49.4093524,8.692658 49.4093154)
LINESTRING(8.692658 49.4093154,8.6926015 49.4092473,8.6925567 49.4092047)
LINESTRING(8.6931899 49.4101731,8.6931407 49.4101861,8.693095 49.4101929,8.6930288 49.4101831,8.6929542 49.4101512)
LINESTRING(8.6925448 49.411453,8.6926222 49.4114413)
LINESTRING(8.6921875 49.4135867,8.6921919 49.4134859)
LINESTRING(8.6994276 49.4124441,8.6993343 49.4124344,8.6992153 49.4124234,8.6990023 49.4124036)
LINESTRING(8.6994276 49.4124441,8.7006966 49.412599,8.7013269 49.4126759,8.702017 49.4127754,8.7025761 49.4128671,8.702974 49.4129287,8.7035905 49.4130182,8.704841 49.4131904,8.7053909 49.4132714)
LINESTRING(8.6973772 49.4122214,8.6980138 49.4122192,8.6983247 49.412229)
LINESTRING(8.6929794 49.41152,8.6931431 49.4115409)
LINESTRING(8.6926029 49.4134248,8.6926012 49.4136199)
LINESTRING(8.6926029 49.4134248,8.692561 49.4133858,8.692554 49.4133651)
LINESTRING(8.6934986 49.4133844,8.6934838 49.413493,8.693466 49.4136649,8.6934586 49.4137331,8.6934511 49.4137913)
LINESTRING(8.6924697 49.4132823,8.6925365 49.413287,8.6927502 49.4133015,8.6927682 49.4132781,8.6927654 49.4132496,8.6927113 49.4132369,8.692574 49.4132134)
LINESTRING(8.6921709 49.4132416,8.6918885 49.4132271,8.6918791 49.4132003,8.6918893 49.4131735,8.6920806 49.4131623,8.692137 49.4131632)
LINESTRING(8.7125727 49.4153253,8.7123175 49.4153097,8.7119151 49.4152856,8.7118613 49.4152828,8.7116069 49.4152661,8.7110429 49.4152329,8.7103372 49.415195,8.7101897 49.4151826,8.709917 49.4151472,8.7096131 49.4151187,8.709308 49.4151163,8.7091862 49.4151107,8.7090803 49.4151022,8.7089659 49.41509,8.7084674 49.4150397,8.7082741 49.4150194,8.707587 49.4149531,8.7059814 49.4147891,8.7054596 49.4147351,8.7050765 49.414687,8.7046967 49.4146343,8.7043828 49.4145949,8.7039894 49.4145418,8.7036906 49.4144971,8.7032005 49.4144151,8.7028947 49.4143621,8.7027818 49.4143408,8.7026484 49.4143094,8.7016588 49.4140752,8.7013483 49.4140053,8.7011828 49.4139738,8.7010476 49.4139481,8.7008107 49.4138872,8.7006158 49.4138413,8.7004718 49.4138128,8.7001083 49.4137364,8.6997831 49.4136674,8.6995307 49.4136151,8.6994588 49.4136045,8.6989814 49.413555,8.6984662 49.4135013,8.6983112 49.413485,8.6982091 49.4134757,8.6980223 49.4134637,8.6978088 49.4134546,8.6975931 49.4134463,8.6973825 49.4134426,8.6972678 49.4134387,8.6971574 49.4134298,8.6967392 49.4133931,8.6965733 49.4133774,8.6963453 49.413356,8.6961716 49.4133278,8.6959262 49.4132642,8.6958979 49.4132579,8.6958752 49.4132543,8.6956577 49.4132369,8.6953819 49.4132201)
LINESTRING(8.6985662 49.4136462,8.6986367 49.4136549,8.698613 49.4137493,8.6986056 49.4137868,8.698606 49.4138139,8.6986196 49.4139229,8.698618 49.4139727,8.6985841 49.4141789)
LINESTRING(8.6933902 49.4100238,8.6933552 49.4101078,8.6933033 49.410211)
LINESTRING(8.692846 49.4116671,8.6923476 49.4135066)
LINESTRING(8.692665 49.41165,8.6926754 49.4116067,8.6926733 49.4115266)
LINESTRING(8.6929542 49.4101512,8.6929419 49.4101313,8.6929332 49.4101058,8.6928804 49.4097354,8.6928617 49.4096902,8.692823 49.4096373,8.692769 49.4095519)
LINESTRING(8.6935646 49.4096048,8.6933902 49.4100238)
LINESTRING(8.7004521 49.4086668,8.6995921 49.4085161,8.6994147 49.4084863,8.6988654 49.4083724,8.6984321 49.4082958)
LINESTRING(8.699443 49.4084204,8.6995136 49.4083471,8.6995409 49.4082709,8.6995336 49.4081745,8.6995212 49.4080704,8.6995199 49.408023)
LINESTRING(8.7012219 49.4086369,8.7012674 49.4086604,8.7013278 49.4086815,8.7013907 49.4086881,8.7014488 49.4086802,8.7014928 49.4086623)
LINESTRING(8.6932514 49.4114569,8.6935701 49.4115169,8.6945453 49.4116427)
LINESTRING(8.6932514 49.4114569,8.6931713 49.4114376)
LINESTRING(8.6932514 49.4114569,8.6931431 49.4115409)
LINESTRING(8.6980422 49.4121064,8.6981513 49.4121183)
LINESTRING(8.6931431 49.4115409,8.6932835 49.4115607,8.6943558 49.411712,8.6960312 49.4119515,8.6975991 49.4121468,8.6979158 49.4121438,8.6979925 49.4121185,8.698009 49.4121024)
LINESTRING(8.6931713 49.4114376,8.6930377 49.4114144,8.6928968 49.4113817)
LINESTRING(8.6985572 49.413602,8.6985507 49.4136446,8.6985662 49.4136462)
LINESTRING(8.6843602 49.4077623,8.6844456 49.4077624,8.6849538 49.4078006,8.6850746 49.4078153,8.6854317 49.4078705,8.6860172 49.4079625,8.6865124 49.4080424,8.6870648 49.4081349,8.6876347 49.4082385,8.6878841 49.4082759,8.6879997 49.4082952,8.6881593 49.4083232,8.6885311 49.4083956,8.6907322 49.4087478,8.6921351 49.4089648,8.6922648 49.40898,8.6923488 49.4089823,8.69236 49.408979,8.6924096 49.4089568)
LINESTRING(8.6982049 49.4097023,8.6983734 49.4097114,8.6984668 49.409684,8.6984798 49.4094924,8.6984826 49.4094415,8.6984761 49.4094226,8.6983647 49.4093809,8.6983184 49.4093765)
LINESTRING(8.6979329 49.4096533,8.6982049 49.4097023,8.6983607 49.4097447,8.6984049 49.4098164,8.6983754 49.4098879,8.6983243 49.4098872,8.6982818 49.4099147,8.6983144 49.4099471,8.6983781 49.409961,8.6983781 49.4100812,8.6983272 49.4101701)
LINESTRING(8.6920243 49.4108133,8.6915646 49.4107161)
LINESTRING(8.6915274 49.4101294,8.6915206 49.4101856)
LINESTRING(8.6920922 49.4108274,8.692043 49.4108173,8.6920243 49.4108133)
LINESTRING(8.6984046 49.4083766,8.6984625 49.4083885,8.6987869 49.40845,8.6988412 49.4084596,8.6986467 49.4091628,8.6981475 49.4090778,8.6984046 49.4083766)
LINESTRING(8.6926895 49.4114252,8.692724 49.4114926)
LINESTRING(8.6930111 49.4115454,8.692989 49.4116264)
LINESTRING(8.6925972 49.409397,8.692677 49.4093524,8.692734 49.4093206)
LINESTRING(8.6923357 49.4103181,8.6923929 49.4103331,8.6925031 49.4103419,8.6925501 49.4102536)
LINESTRING(8.6926433 49.4111102,8.6925963 49.4111508,8.6925305 49.4111795,8.6924673 49.4111906,8.6924123 49.4111904,8.6923419 49.4111779,8.6922772 49.4111547,8.6922232 49.4111305,8.6921824 49.4111031,8.6921245 49.4110451,8.6921043 49.4109937,8.6921038 49.4109418,8.6921157 49.4108706,8.6921207 49.4107658,8.6920747 49.4107564,8.6916214 49.4106639)
LINESTRING(8.692305 49.4113358,8.692244 49.4114321)
LINESTRING(8.6930663 49.4106435,8.692869 49.4108612,8.6926433 49.4111102)
LINESTRING(8.692244 49.4114321,8.6924949 49.4114796)
LINESTRING(8.6932835 49.4115607,8.6932647 49.4115678)
LINESTRING(8.6924949 49.4114796,8.6924874 49.4115631)
LINESTRING(8.6932647 49.4115678,8.6930111 49.4115454)
LINESTRING(8.6935646 49.4096048,8.6934556 49.4097355,8.6933797 49.4098304,8.6933389 49.4099484)
LINESTRING(8.6925403 49.4085563,8.6926636 49.4085688,8.6928986 49.4086066,8.6936557 49.4087322,8.6938607 49.4087682)
LINESTRING(8.6974182 49.4109693,8.6974915 49.4104311)
LINESTRING(8.6974165 49.4111424,8.6974182 49.4109693)
LINESTRING(8.6938607 49.4087682,8.6939341 49.4087745)
LINESTRING(8.6958344 49.4134454,8.6958528 49.4133745)
LINESTRING(8.6961959 49.4133787,8.6962256 49.4133811,8.6962576 49.4133788,8.6962962 49.4133716,8.6963453 49.413356)
LINESTRING(8.6953581 49.413318,8.6956431 49.413332,8.695861 49.4133453,8.6959291 49.4133489,8.6960004 49.4133553,8.6961959 49.4133787)
LINESTRING(8.6954467 49.4135871,8.6954508 49.4135416,8.6956197 49.4135416,8.6956267 49.4134914,8.6956337 49.413441,8.6956866 49.4134448,8.6957619 49.4134541,8.6958288 49.4134652,8.6958344 49.4134454)
LINESTRING(8.7017521 49.4123957,8.7015148 49.4123534,8.7015583 49.4122506)
LINESTRING(8.692574 49.4132134,8.6924464 49.4131919)
LINESTRING(8.692137 49.4131632,8.6922422 49.4131717)
LINESTRING(8.6954467 49.4135871,8.6954964 49.4135772,8.6955328 49.4135744,8.6956522 49.4135722,8.69568 49.4135705,8.695708 49.4135662,8.6957441 49.4135589,8.6957757 49.4135493,8.6958024 49.4135378,8.6958331 49.4135206)
LINESTRING(8.6961338 49.4135765,8.6961015 49.4135879,8.6960631 49.4135969,8.6960408 49.4135991,8.6960038 49.4135999,8.6956254 49.4136003,8.6955307 49.4135989,8.6954944 49.4135968,8.6954467 49.4135871)
LINESTRING(8.6958528 49.4133745,8.695861 49.4133453)
LINESTRING(8.6927338 49.4111907,8.6927295 49.4111505,8.6927303 49.4111251,8.6927341 49.4110965,8.6927422 49.4110627,8.6927545 49.411027,8.692985 49.4104492,8.6930392 49.4103113,8.6930412 49.4102856,8.6930372 49.4102534)
LINESTRING(8.693448 49.4138516,8.6936326 49.4138274,8.6939085 49.4137838,8.6941707 49.4137498,8.6946559 49.4136816,8.6951168 49.4136128,8.6952171 49.4136012,8.6953193 49.4135927,8.6954467 49.4135871)
LINESTRING(8.6928711 49.4135149,8.6928156 49.4135012,8.6926029 49.4134248)
LINESTRING(8.6922422 49.4131717,8.6923543 49.4131605)
LINESTRING(8.6923543 49.4131605,8.6924464 49.4131919)
LINESTRING(8.6921709 49.4132416,8.6921796 49.413208,8.6926081 49.4115987)
LINESTRING(8.6924075 49.4135106,8.6924697 49.4132823)
LINESTRING(8.6926222 49.4114413,8.6926895 49.4114252,8.6926834 49.4113517,8.6926816 49.4113102,8.6926957 49.411284,8.6927015 49.4112606,8.6926975 49.411237,8.6926854 49.4111908)
LINESTRING(8.6916668 49.4105318,8.6916214 49.4106639,8.6916052 49.4107333)
LINESTRING(8.6916052 49.4107333,8.6915345 49.4109665,8.6914905 49.4111422)
LINESTRING(8.6939501 49.4098742,8.6935426 49.4098497)
LINESTRING(8.6958331 49.4135206,8.6960312 49.4135604,8.6961338 49.4135765)
LINESTRING(8.6917364 49.4101338,8.6916668 49.4105318)
LINESTRING(8.691522 49.4100996,8.6917364 49.4101338)
LINESTRING(8.6928635 49.41058,8.6925031 49.4103419)
LINESTRING(8.6917882 49.4112136,8.6919854 49.4111928,8.6920218 49.4111761,8.6920575 49.4111365)
LINESTRING(8.6917882 49.4112136,8.6917145 49.4111978,8.6914905 49.4111422,8.6914694 49.4111284,8.6914463 49.4111088,8.691423 49.4110903,8.6914042 49.4110733,8.6913842 49.4110662)
LINESTRING(8.6923857 49.4138048,8.6923984 49.4137913,8.6924089 49.4135911)
LINESTRING(8.6913774 49.4131908,8.6915104 49.4131996,8.6916672 49.4132012,8.691779 49.4132069)
LINESTRING(8.6924697 49.4132823,8.692479 49.4132487,8.6929313 49.4116446)
LINESTRING(8.6830222 49.4124918,8.6835719 49.412537,8.6839843 49.4125705,8.6842612 49.412596,8.6843423 49.4126034,8.6845896 49.4126245,8.6850104 49.4126597,8.6854141 49.4126935,8.6858296 49.4127298,8.6863109 49.4127682,8.6864443 49.412782,8.686678 49.4128056,8.6867566 49.4128192,8.6881665 49.4131578,8.6885382 49.4132143,8.6888656 49.4132595,8.6894515 49.4132884,8.6898698 49.413309,8.6902361 49.4133231,8.690372 49.4133273,8.6907282 49.41334,8.6909717 49.4133481,8.6912578 49.4133521,8.6914057 49.4133506,8.6914947 49.4133405,8.691579 49.4133385,8.6919259 49.4133461,8.6923026 49.4133557,8.692554 49.4133651,8.6928654 49.413371)
LINESTRING(8.6925448 49.411453,8.6925665 49.4114728)
LINESTRING(8.692659 49.4097495,8.6927289 49.4097587,8.6927904 49.4097714)
LINESTRING(8.6925567 49.4092047,8.6924925 49.4091346,8.6924476 49.4090811)
LINESTRING(8.6924096 49.4089568,8.6924076 49.4089176,8.6924038 49.4088505,8.6924178 49.4087106,8.6924441 49.4085349,8.692465 49.4083936)
LINESTRING(8.6917364 49.4101338,8.6916253 49.4105286)
LINESTRING(8.6916253 49.4105286,8.6915897 49.4106589,8.6915695 49.4107234)
LINESTRING(8.6917882 49.4112136,8.6917145 49.4111978,8.6914798 49.411137,8.6914694 49.4111284,8.6914463 49.4111088,8.691423 49.4110903,8.6914042 49.4110733,8.6913842 49.4110662)
LINESTRING(8.6926433 49.4111102,8.6925963 49.4111508,8.6925305 49.4111795,8.6924673 49.4111906,8.6924123 49.4111904,8.6923419 49.4111779,8.6922772 49.4111547,8.6922232 49.4111305,8.6921824 49.4111031,8.6921245 49.4110451,8.6921043 49.4109937,8.6921038 49.4109418,8.6921157 49.4108706,8.6921207 49.4107658,8.6920747 49.4107564,8.6915897 49.4106589)
LINESTRING(8.6915695 49.4107234,8.6915238 49.4109613,8.6914798 49.411137)
LINESTRING(8.6927593 49.4074481,8.6927654 49.4075352,8.6927568 49.4076354,8.6927397 49.407718,8.6926299 49.4082036,8.6925825 49.4083936,8.6925403 49.4085563,8.6925007 49.4087874)
LINESTRING(8.692658 49.4093154,8.6925927 49.4091843,8.6925505 49.4091221,8.6925383 49.4090932,8.6925018 49.4090064,8.692493 49.4089559,8.6925007 49.4087874)
LINESTRING(8.7033506 49.4128391,8.7033569 49.4127566,8.7035485 49.4127681,8.7035397 49.4128573,8.7033506 49.4128391)
LINESTRING(8.6728443 49.4079058,8.6738227 49.407907,8.6743489 49.4078942,8.6753898 49.4078931,8.6759731 49.4078977,8.6767063 49.4079029,8.6772468 49.4079006,8.6780789 49.4078873,8.6790037 49.4078768,8.6805977 49.4078548,8.681112 49.40785,8.6830609 49.4078217,8.6836596 49.4078101,8.684325 49.4077979,8.6843533 49.4077973,8.6844383 49.407799,8.6846514 49.4078159,8.6849529 49.4078548,8.6850564 49.4078723,8.6853994 49.4079301,8.6878624 49.4083365,8.688135 49.4083773,8.6885123 49.4084393,8.6921178 49.4090154)
LINESTRING(8.6924096 49.4089568,8.6924076 49.4089176,8.6924038 49.4088505,8.6924178 49.4087106,8.6924441 49.4085349,8.692465 49.4083936)
LINESTRING(8.6940568 49.409358,8.6941632 49.4087922)
LINESTRING(8.6931046 49.4107164,8.6930051 49.4109721)
LINESTRING(8.6933033 49.410211,8.6932138 49.4104356,8.6931046 49.4107164)
LINESTRING(8.6930051 49.4109721,8.6929207 49.4111709)
LINESTRING(8.6913699 49.4134343,8.6920078 49.4134495,8.6920536 49.4134464,8.692061 49.4133495)
LINESTRING(8.6830222 49.4124918,8.6835719 49.412537,8.6839843 49.4125705,8.6842612 49.412596,8.6843423 49.4126034,8.6845896 49.4126245,8.6850104 49.4126597,8.6854141 49.4126935,8.6858296 49.4127298,8.6863109 49.4127682,8.6864443 49.412782,8.686678 49.4128056,8.6867566 49.4128192,8.6881665 49.4131578,8.6885382 49.4132143,8.6888656 49.4132595,8.6894216 49.413287,8.6898698 49.413309,8.6902361 49.4133231,8.690372 49.4133273,8.6907282 49.41334,8.6909717 49.4133481,8.691248 49.4133521,8.6913327 49.4133509,8.6913967 49.4133478,8.6914682 49.4133422,8.6915174 49.4133396,8.691579 49.4133385,8.6919259 49.4133461,8.692061 49.4133495,8.6923026 49.4133557,8.692554 49.4133651,8.6928656 49.4133677)
LINESTRING(8.6830222 49.4124918,8.6835719 49.412537,8.6839843 49.4125705,8.6842612 49.412596,8.6843423 49.4126034,8.6845896 49.4126245,8.6850104 49.4126597,8.6854141 49.4126935,8.6858296 49.4127298,8.6863109 49.4127682,8.6864443 49.412782,8.686678 49.4128056,8.6867566 49.4128192,8.6881665 49.4131578,8.6885382 49.4132143,8.6888656 49.4132595,8.6894216 49.413287,8.6898698 49.413309,8.690203 49.4133239,8.690372 49.4133273,8.6907282 49.41334,8.6909717 49.4133481,8.691248 49.4133521,8.6913327 49.4133509,8.6913967 49.4133478,8.6914682 49.4133422,8.6915174 49.4133396,8.691579 49.4133385,8.6919259 49.4133461,8.692061 49.4133495,8.6923026 49.4133557,8.692554 49.4133651,8.6928656 49.4133677)
LINESTRING(8.6939981 49.4098056,8.6940568 49.409358)
LINESTRING(8.6927647 49.4113646,8.6927574 49.4113127,8.6927453 49.4112706,8.6927336 49.4112326,8.6927296 49.4111969,8.6927295 49.4111484,8.6927303 49.4111251,8.6927341 49.4110965,8.6927422 49.4110627,8.6927545 49.411027,8.692985 49.4104492,8.6930392 49.4103113,8.6930484 49.4102827,8.6930526 49.4102643)
