LINESTRING(8.6983247 49.412229,8.6979925 49.4121185,8.697859 49.412081)
LINESTRING(8.6968219 49.4117414,8.6969097 49.4117502,8.6974031 49.4118071,8.6978094 49.4118486,8.6980295 49.411856,8.6983754 49.4118698,8.6983841 49.4119573)
LINESTRING(8.6981513 49.4121183,8.6985796 49.4122036,8.6988007 49.4122517)
LINESTRING(8.6726725 49.4097258,8.6739247 49.4112833,8.6742283 49.4111762,8.6748022 49.4110512,8.6754734 49.4109499,8.676365 49.4108922,8.6779833 49.4109046,8.6795172 49.4110163,8.6840342 49.411531,8.6891462 49.4121945,8.6910807 49.4125053,8.6915278 49.4126045,8.6919926 49.4127246,8.692248 49.4127309,8.6925989 49.4127133,8.6932915 49.412633,8.6938816 49.4126059,8.6943733 49.4126305,8.6968024 49.4127912,8.7004236 49.4130856,8.7010056 49.4131201,8.7012794 49.4131063,8.7016373 49.4130634,8.7019027 49.4130368,8.7021651 49.4130025,8.7025798 49.413114,8.7034564 49.4133051,8.7046509 49.4134724,8.7071973 49.4138094,8.7077468 49.413838,8.7082134 49.4138201,8.7085826 49.4137667,8.70901 49.4136457)
LINESTRING(8.6945453 49.4116427,8.6967124 49.4119283,8.6972986 49.4120055,8.697859 49.412081)
LINESTRING(8.6726725 49.4097258,8.6739247 49.4112833,8.6742283 49.4111762,8.6748022 49.4110512,8.6754734 49.4109499,8.676365 49.4108922,8.6779833 49.4109046,8.6795172 49.4110163,8.6840342 49.411531,8.6891462 49.4121945,8.6910807 49.4125053,8.6915278 49.4126045,8.6919926 49.4127246,8.692248 49.4127309,8.6925989 49.4127133,8.6932915 49.412633,8.6938816 49.4126059,8.6943733 49.4126305,8.6968024 49.4127912,8.7004236 49.4130856,8.7010056 49.4131201,8.7012794 49.4131063,8.7016373 49.4130634,8.7019027 49.4130368,8.7021651 49.4130025,8.7025798 49.413114,8.7034564 49.4133051,8.7046509 49.4134724,8.7071973 49.4138094,8.7077468 49.413838,8.7082134 49.4138201,8.7085826 49.4137667,8.70901 49.4136457)
LINESTRING(8.697859 49.412081,8.698009 49.4121024)
LINESTRING(8.6911974 49.4112361,8.6914048 49.4112968,8.6917932 49.4114061,8.6922337 49.4115183,8.6924874 49.4115631,8.692989 49.4116264,8.6933482 49.4116703,8.6939835 49.4117535,8.6958558 49.412003,8.6971234 49.4121939,8.6973772 49.4122214)
LINESTRING(8.6983247 49.412229,8.6979925 49.4121185,8.697859 49.412081)
LINESTRING(8.6983841 49.4119573,8.699352 49.4120147,8.6994802 49.4120325)
LINESTRING(8.6945453 49.4116427,8.6967124 49.4119283,8.6972986 49.4120055,8.697859 49.412081,8.698009 49.4121024)
LINESTRING(8.6975512 49.4112046,8.697553 49.4111752,8.6977118 49.4111741,8.6977155 49.4110327,8.6979823 49.4110834,8.6980807 49.4110974,8.6983946 49.4111473,8.6985167 49.4111957,8.6985077 49.4115979,8.6984517 49.4116367,8.6983561 49.4116602,8.698163 49.4115886,8.6979951 49.4116367,8.6977515 49.4116348,8.6975313 49.4116332,8.6975313 49.411477,8.6977551 49.4114782,8.6977515 49.4116348)
LINESTRING(8.6979823 49.4110834,8.6979598 49.4111812,8.6979944 49.4112128,8.6980552 49.4112012,8.6980807 49.4110974)
LINESTRING(8.6936213 49.4096353,8.6937026 49.4096777,8.6939981 49.4098056,8.6944004 49.4099674,8.6947524 49.4100438,8.695131 49.4101001,8.6957397 49.4101444,8.6962948 49.4102307,8.6974915 49.4104311,8.6976199 49.4104481,8.6986828 49.4106214,8.6996756 49.4108142,8.7006948 49.4109588,8.7013008 49.4110451,8.7017977 49.4111228,8.7022627 49.411187,8.7025458 49.4112439,8.7038289 49.4114091,8.7039721 49.4114116)
LINESTRING(8.6974031 49.4118071,8.6974165 49.4111424)
LINESTRING(8.6983754 49.4118698,8.6984726 49.4117852,8.6987617 49.4117281,8.6990083 49.4117026,8.6992402 49.4116703,8.6994252 49.4116078,8.6995192 49.4114746,8.6995662 49.4113017,8.6996122 49.4111103,8.6996671 49.4108539,8.6996756 49.4108142)
LINESTRING(8.6981513 49.4121183,8.6983841 49.4119573)
LINESTRING(8.6994802 49.4120325,8.700094 49.4120935,8.7002876 49.4121093,8.7009205 49.4122035,8.7014651 49.4123046)
LINESTRING(8.7009205 49.4122035,8.7013008 49.4110451)
LINESTRING(8.7002876 49.4121093,8.7003908 49.4118324,8.7005019 49.4115454,8.7006948 49.4109588)
LINESTRING(8.700094 49.4120935,8.7000106 49.4121115,8.6999348 49.4121172,8.699885 49.4121123)
LINESTRING(8.699885 49.4121123,8.6998654 49.4121002,8.6998778 49.4120123)
LINESTRING(8.6999865 49.409881,8.6998101 49.4103321,8.6996756 49.4108142)
LINESTRING(8.6976199 49.4104481,8.6979329 49.4096533,8.6981475 49.4090778)
LINESTRING(8.6911974 49.4112361,8.6914048 49.4112968,8.6917932 49.4114061,8.6922337 49.4115183,8.6924874 49.4115631,8.692989 49.4116264,8.6933482 49.4116703,8.6939835 49.4117535,8.6958558 49.412003,8.6971234 49.4121939,8.6973772 49.4122214)
LINESTRING(8.6979944 49.4112128,8.6979807 49.4112901)
LINESTRING(8.6974182 49.4109693,8.6974872 49.41098,8.6975559 49.4109903,8.6977155 49.4110327)
LINESTRING(8.7079269 49.4135646,8.7073012 49.4135555,8.7067893 49.4135188,8.7062696 49.4134492,8.7049917 49.4132568,8.7028992 49.4129547,8.702243 49.4128514,8.7019295 49.4128072,8.7012498 49.4127069,8.7010959 49.4126863,8.7007443 49.4126594,8.7004877 49.4126193,8.6997818 49.4125353,8.699623 49.4125246,8.6993306 49.4124706,8.6990887 49.412449,8.6983083 49.4123887,8.6982033 49.4123795,8.6981369 49.4123723,8.6976113 49.4123127,8.6966839 49.4121767,8.6947841 49.4119021,8.6932903 49.4116995,8.6926298 49.4116274,8.6924233 49.4116019,8.6921408 49.4115501,8.6918973 49.4114964,8.6917336 49.4114521)
LINESTRING(8.698009 49.4121024,8.6980422 49.4121064)
LINESTRING(8.6994802 49.4120325,8.6993056 49.4121368,8.6992375 49.4124014,8.6992153 49.4124234)
LINESTRING(8.6980422 49.4121064,8.6981513 49.4121183)
LINESTRING(8.6931431 49.4115409,8.6932835 49.4115607,8.6943558 49.411712,8.6960312 49.4119515,8.6975991 49.4121468,8.6979158 49.4121438,8.6979925 49.4121185,8.698009 49.4121024)
LINESTRING(8.6974182 49.4109693,8.6974915 49.4104311)
LINESTRING(8.6974165 49.4111424,8.6974182 49.4109693)
